20.2 Gbits/sec
24,27,35,41820.61,Trans/s
9499.15,Trans/s
0.000354139, 0.000911967, 0.000792479,  4647.4 qps
0.000310337, 0.000802306, 0.000790499,  13765.2 qps
0.000326817, 0.000905813, 0.000791087,  8969.9 qps
24.2 Gbits/sec
23,27,37,43687.85,Trans/s
8249.01,Trans/s
0.000559029, 0.000913765, 0.00099358,  5947.4 qps
0.000514228, 0.000903191, 0.000990708,  14623.1 qps
0.00052583, 0.000905685, 0.000991152,  9983.8 qps
3.85 Gbits/sec
87,108,149,10829.78,Trans/s
2311.20,Trans/s
0.000663238, 0.000937993, 0.000999813,  1912.1 qps
0.000547788, 0.000910196, 0.000991738,  7261.4 qps
0.00056202, 0.000913792, 0.000992941,  5676.3 qps
3.96 Gbits/sec
90,115,173,10338.85,Trans/s
2346.10,Trans/s
0.000661386, 0.000937886, 0.00102308,  1942.3 qps
0.000544816, 0.000909765, 0.000991878,  7376.6 qps
0.000560607, 0.000913192, 0.000992524,  5730.6 qps
4.12 Gbits/sec
0.000549317, 0.000913879, 0.000995905,  2542.1 qps
0.000546816, 0.000910319, 0.000992107,  7225.4 qps
0.000528799, 0.000906229, 0.00099115,  11106.9 qps
4.11 Gbits/sec
0.000557994, 0.000917351, 0.000998207,  79.2 qps
0.000541264, 0.000909076, 0.000991833,  6794.2 qps
0.000562898, 0.000913938, 0.000992922,  5528.4 qps
